Plot	Rep	treatment_mg_ha	depth	cylinder	GWCs	VWCs	GWC1kpa	VWC1kpa	GWC2kpa	VWC2kpa	GWC3kpa	VWC3kpa	GWC4kpa	VWC4kpa	GWC5kpa	VWC5kpa	GWC6kpa	VWC6kpa	GWC10kpa	VWC10kpa	GWC30kpa	VWC30kpa	GWC100kpa	VWC100kpa	GWC300kpa	VWC300kpa	GWC500kpa	VWC500kpa	GWC1500kpa	VWC1500kpa	FC	AWC	POC	MOC	DOC	TOC	bulk_density	TC_carb_corr	Cstock	pH	EC
1	1	15	a	19	0.256	0.387	0.246681303	0.372939681	0.242183803	0.366140235	0.240207951	0.363153086	0.237605911	0.35921925	0.232890469	0.352090313	0.233143151	0.352472324	0.226878748	0.343001626	0.220594039	0.333500226	0.213127086	0.322211479	0.209791106	0.317168052	0.206569408	0.312297398	0.139461173	0.224234074	0.333500226	0.109266152	0.7259	1.193895361	0.05796	1.9778	1.6460	2.376	39.118	7.21	378
1	1	15	b	21	0.236	0.374	0.227454253	0.359558272	0.223752157	0.353706022	0.221058201	0.349447433	0.218885995	0.346013624	0.216946693	0.342947986	0.216132628	0.341661119	0.211255346	0.333951141	0.203147345	0.321134063	0.19279026	0.304761647	0.190822142	0.301650458	0.180852805	0.285890992	0.141381185	0.223494501	0.321134063	0.097639562	0.2620	0.995136515	0.053984	1.3112	1.5496	1.345	20.846	7.4	183
2	1	10	a	20	0.251	0.403	0.238825554	0.383998112	0.233238265	0.375014532	0.228752653	0.367802294	0.225257583	0.362182711	0.221112879	0.355518606	0.22122691	0.355701953	0.216733269	0.348476805	0.211899557	0.340704872	0.200203362	0.321899025	0.192569163	0.309624299	0.18941399	0.304551222	0.140103432	0.21181228	0.340704872	0.128892592	0.6769	1.225404194	0.062384	1.9647	1.6021	1.792	28.712	7.55	591
2	1	10	b	24	0.261	0.396	0.25488568	0.387589032	0.253162086	0.384968067	0.249453919	0.379329285	0.24754338	0.376424046	0.245161777	0.372802488	0.244101237	0.37118979	0.241157094	0.366712812	0.229637293	0.349195357	0.21764278	0.330956036	0.210040589	0.31939585	0.200934965	0.305549487	0.13377193	0.186828548	0.349195357	0.162366808	0.3353	0.948292694	0.053248	1.3368	1.5379	1.274	19.595	7.47	255
3	1	0	a	28	0.273	0.408	0.265667592	0.397360213	0.261666683	0.391376037	0.25369872	0.379458318	0.249664595	0.373424459	0.242695342	0.363000516	0.242891147	0.363293382	0.237412247	0.355098567	0.229954314	0.343943703	0.213130591	0.318780385	0.203662209	0.304618484	0.202662948	0.303123884	0.151381215	0.228399445	0.343943703	0.115544258	0.6142	1.204072566	0.053144	1.8715	1.5604	1.880	29.343	7.72	303
3	1	0	b	22	0.250	0.390	0.243208752	0.378762266	0.239647508	0.373216145	0.235145156	0.366204387	0.232448217	0.362004297	0.227510585	0.354314653	0.227653123	0.354536635	0.221735285	0.345320464	0.215474618	0.335570385	0.208221448	0.324274627	0.205047269	0.319331305	0.200963121	0.312970838	0.137401025	0.213982116	0.335570385	0.121588269	0.3327	1.205642645	0.052912	1.5912	1.4910	1.747	26.045	6.99	239
4	1	5	a	30	0.296	0.422	0.282574515	0.402698894	0.280478161	0.399711365	0.276204065	0.393620321	0.274836176	0.391670933	0.273482776	0.389742193	0.272682221	0.388601317	0.2722919	0.388045068	0.26491787	0.377536287	0.260608709	0.371395272	0.258357027	0.368186385	0.258357027	0.368186385	0.177428411	0.260392589	0.377536287	0.117143698	0.5422	1.307627943	0.04776	1.8976	1.4381	1.960	28.193	6.31	404
4	1	5	b	12	0.272	0.404	0.264576982	0.393215705	0.258697386	0.384477417	0.254104047	0.377650773	0.252821765	0.375745039	0.251886697	0.374355336	0.250855696	0.372823056	0.249162079	0.370305994	0.243470531	0.361847186	0.238071792	0.353823551	0.235880118	0.350566275	0.232812479	0.346007133	0.114434948	0.166398417	0.361847186	0.195448769	0.3332	1.198816912	0.050848	1.5829	1.4993	1.751	26.251	6.77	244
5	1	20	a	4	0.276	0.424	0.267440153	0.411285315	0.262778433	0.404116247	0.260418854	0.400487545	0.258781826	0.397970028	0.255124187	0.392345093	0.255205778	0.392470569	0.250436568	0.385136195	0.24557499	0.377659772	0.238267158	0.366421356	0.234774672	0.361050404	0.231970313	0.356737695	0.136103896	0.209308637	0.377659772	0.168351135	0.5099	1.241098646	0.061872	1.8129	1.5114	1.922	29.041	7.23	362
5	1	20	b	29	0.261	0.383	0.245935822	0.360933545	0.242102703	0.355308089	0.240567178	0.353054563	0.239424193	0.351377127	0.235599186	0.345763577	0.235765152	0.346007146	0.232663012	0.34145447	0.229248742	0.336443712	0.217514103	0.319222045	0.212857412	0.312387922	0.208862127	0.306524472	0.164039696	0.233774105	0.336443712	0.102669608	0.3001	1.04210007	0.059816	1.4020	1.5522	1.308	20.306	7.19	220
6	2	0	a	23	0.329	0.459	0.310424703	0.433545338	0.301832935	0.421545903	0.296840834	0.414573836	0.292490384	0.408497911	0.289899882	0.404879963	0.287889635	0.402072412	0.284921287	0.397926759	0.27455574	0.383450028	0.263106131	0.367459276	0.260151857	0.363333278	0.253176562	0.353591441	0.136012365	0.206825667	0.383450028	0.176624361	0.6939	1.219872998	0.06884	1.9827	1.4541	2.126	30.915	6.76	476
6	2	0	b	16	0.250	0.392	0.243435439	0.381191146	0.240981351	0.377348335	0.239282686	0.374688426	0.238273481	0.373108129	0.237368696	0.371691343	0.236295357	0.370010621	0.233715695	0.365971175	0.225819274	0.353606312	0.219217217	0.343268271	0.21781481	0.341072267	0.210934931	0.330299188	0.14195122	0.222278844	0.353606312	0.131327468	0.2499	0.942208501	0.055112	1.2472	1.4862	1.218	18.103	6.38	170
7	2	5	a	17	0.285	0.424	0.278597046	0.413886266	0.271831622	0.403835492	0.266878948	0.396477756	0.261898324	0.389078495	0.256640774	0.381267831	0.256757919	0.381441864	0.250115627	0.371574016	0.245308782	0.364432923	0.236532623	0.351394983	0.236770729	0.351748716	0.222426146	0.330438274	0.142239308	0.20870647	0.364432923	0.155726452	0.8215	1.137424502	0.065864	2.0248	1.4337	1.962	28.124	6.66	522
7	2	5	b	27	0.281	0.424	0.273638659	0.412857816	0.272771303	0.411549174	0.268354405	0.404885091	0.266116088	0.401507985	0.264315949	0.39879199	0.263022187	0.39684	0.254295167	0.383672933	0.2397399	0.361712383	0.222211819	0.335266539	0.209559652	0.316177327	0.204908555	0.309159892	0.151832461	0.227096495	0.361712383	0.134615887	0.3883	1.175671582	0.059904	1.6239	1.4729	1.588	23.382	7.65	347
8	2	20	a	9	0.281	0.424	0.26728068	0.403958485	0.259446684	0.392118463	0.254060401	0.383977828	0.250063546	0.377937123	0.244947107	0.37020432	0.245091334	0.3704223	0.239502586	0.361975666	0.233174091	0.352411003	0.219414163	0.331614739	0.211193224	0.319189906	0.21261734	0.321342263	0.121289662	0.183312869	0.352411003	0.169098134	0.5367	1.173556427	0.057216	1.7674	1.4092	1.625	22.898	7.3	364
8	2	20	b	15	0.299	0.421	0.292148756	0.411683672	0.290803102	0.409787433	0.282941813	0.398709636	0.280417449	0.395152409	0.279632728	0.394046613	0.278758624	0.392814864	0.27563813	0.388417596	0.268191983	0.3779248	0.262741768	0.370244588	0.257505296	0.362865573	0.244545103	0.344602616	0.143609382	0.202368268	0.3779248	0.175556532	0.2913	0.936324761	0.051088	1.2787	1.5659	1.092	17.103	7.5	225
9	2	15	a	14	0.308	0.453	0.280116172	0.412572083	0.277740167	0.409072558	0.274176152	0.403823261	0.272667797	0.401601665	0.271334849	0.399638417	0.269271499	0.39659939	0.268500616	0.395463987	0.251197009	0.369978185	0.237516909	0.349829304	0.22821567	0.336129876	0.223670328	0.329435221	0.148254424	0.218358104	0.369978185	0.151620081	0.4877	1.228794239	0.053464	1.7700	1.4856	1.816	26.977	7.64	411
9	2	15	b	7	0.314	0.452	0.278992899	0.401215934	0.266898053	0.383822498	0.261469793	0.376016191	0.256952753	0.369520296	0.254748483	0.366350365	0.25341853	0.364437778	0.251848392	0.362179783	0.242299686	0.348447918	0.235567492	0.338766441	0.231707799	0.333215868	0.213716324	0.307342569	0.11634103	0.174429876	0.348447918	0.174018043	0.3210	1.228801894	0.046456	1.5962	1.4673	1.344	19.719	7.77	237
10	2	10	a	3	0.244	0.391	0.237071131	0.379823337	0.23424225	0.375291047	0.231293189	0.370566212	0.230131241	0.368704598	0.227713238	0.364830596	0.227812599	0.364989787	0.223414005	0.357942582	0.213813535	0.342561196	0.204015115	0.326862666	0.19860584	0.318196199	0.194978836	0.312385198	0.129496403	0.207472566	0.342561196	0.13508863	0.6172	1.088131827	0.055848	1.7612	1.5118	1.717	25.957	7.82	466
10	2	10	b	1	0.216	0.356	0.208104092	0.342548638	0.202666445	0.333598027	0.201241281	0.331252144	0.20120949	0.331199813	0.200867904	0.330637547	0.200325897	0.329745381	0.198209352	0.326261452	0.190134857	0.312970474	0.181349009	0.298508575	0.177239486	0.291744117	0.175009537	0.288073519	0.12409201	0.204260994	0.312970474	0.108709479	0.4036	1.167761902	0.052576	1.6240	1.6079	1.401	22.529	7.93	411
11	3	10	a	5	0.241	0.376	0.231266847	0.360868507	0.227448127	0.354909781	0.224617074	0.35049221	0.222912789	0.347832846	0.221339281	0.345377544	0.220856488	0.344624195	0.217255558	0.339005309	0.210951254	0.329168079	0.204664178	0.319357735	0.202274715	0.31562922	0.189686061	0.295985898	0.121880998	0.181723368	0.329168079	0.147444711	0.6484	1.198308897	0.050104	1.8968	1.5808	1.825	28.850	7.86	467
11	3	10	b	26	0.270	0.407	0.256974526	0.387585639	0.251601082	0.379481061	0.248842149	0.375319861	0.245694826	0.370572864	0.243718314	0.367591759	0.242065899	0.36509948	0.239546283	0.361299232	0.227683785	0.343407444	0.216675315	0.326803756	0.208526592	0.314513323	0.208526592	0.314513323	0.151738672	0.212517897	0.343407444	0.130889547	0.5446	1.25166041	0.05192	1.8482	1.5574	1.764	27.466	7.84	416
12	3	0	a	18	0.283	0.415	0.264688953	0.388375744	0.26115981	0.383197464	0.254832444	0.373913376	0.2527054	0.370792383	0.250963394	0.368236354	0.250065754	0.366919254	0.24682357	0.362162027	0.234971196	0.344771145	0.223716324	0.32825697	0.215470962	0.316158625	0.213419999	0.313149265	0.140568475	0.208829786	0.344771145	0.135941359	0.6896	1.242939991	0.050512	1.9831	1.3966	1.722	24.049	7.85	466
12	3	0	b	2	0.271	0.419	0.259855731	0.402667883	0.257529303	0.399062891	0.253925815	0.393478989	0.250255856	0.387792085	0.245051431	0.379727399	0.245152537	0.379884071	0.24020992	0.372225079	0.235478945	0.364894042	0.223725916	0.346681755	0.219631036	0.3403364	0.218595302	0.338731445	0.125125125	0.193891699	0.364894042	0.171002343	0.5953	1.16372715	0.051144	1.8101	1.5206	1.708	25.977	7.78	345
13	3	15	a	25	0.322	0.451	0.304681121	0.426721745	0.298442156	0.41798375	0.292881445	0.410195686	0.288249997	0.403709103	0.281808108	0.394686902	0.281977843	0.394924624	0.27550273	0.385855892	0.267190262	0.374213848	0.250965022	0.351489557	0.238562525	0.334119215	0.22557588	0.315930744	0.148012552	0.223242126	0.374213848	0.150971722	0.5472	1.273691616	0.052456	1.8734	1.4006	1.719	24.069	7.52	300
13	3	15	b	10	0.299	0.465	0.294475655	0.457078602	0.291615271	0.452638779	0.288754697	0.448198658	0.286552456	0.444780388	0.285218988	0.442710609	0.284936393	0.442271971	0.279185638	0.433345776	0.266880654	0.414246252	0.2542442	0.394632227	0.2542442	0.394632227	0.243739146	0.378326515	0.122171946	0.189632594	0.414246252	0.224613658	0.4688	1.322008798	0.060496	1.8513	1.5083	1.649	24.877	7.23	341
14	3	20	a	13	0.291	0.417	0.272005927	0.389967961	0.263078695	0.377169216	0.257197465	0.368737447	0.252848025	0.362501766	0.250225587	0.358742043	0.249040426	0.357042908	0.241403487	0.346094023	0.229430542	0.328928718	0.218447387	0.313182448	0.21183427	0.303701391	0.194017517	0.278157967	0.144450076	0.207094391	0.328928718	0.121834327	0.5218	1.241812978	0.051744	1.8153	1.5088	1.965	29.650	6.84	380
14	3	20	b	11	0.284	0.413	0.266477051	0.387480926	0.258465777	0.375831833	0.253874283	0.369155399	0.250202887	0.363816869	0.24813817	0.36081459	0.247454889	0.359821039	0.243099804	0.353488365	0.233601975	0.339677692	0.224170588	0.325963631	0.224170588	0.325963631	0.208673181	0.303429046	0.121432278	0.180473291	0.339677692	0.159204401	0.3945	1.204049363	0.053304	1.6518	1.4957	1.641	24.546	6.94	274
15	3	5	a	8	0.255	0.382	0.24004377	0.359897148	0.233460248	0.350026487	0.229518705	0.344116939	0.226490057	0.339576093	0.224462568	0.336536283	0.223679364	0.335362027	0.220070198	0.329950811	0.212825178	0.319088367	0.204655247	0.306839205	0.201571076	0.302215115	0.189051109	0.283443952	0.130395275	0.18751969	0.319088367	0.131568677	0.7345	1.471048799	0.06896	2.2745	1.4676	2.343	34.390	6.87	389
15	3	5	b	6	0.279	0.415	0.273415192	0.40765936	0.269915704	0.402441657	0.268183572	0.399859066	0.267082889	0.398217959	0.264130385	0.393815804	0.264222245	0.393952766	0.260262685	0.3880491	0.258185225	0.384951629	0.252027489	0.375770505	0.24991594	0.372622206	0.247284244	0.368698374	0.129647283	0.202301463	0.384951629	0.182650166	0.6917	1.499377706	0.070328	2.2614	1.4251	2.223	31.673	7.13	419
																																									
																																									
																																									
																																									
																																									
																																									
																																									
																																									
																																									
																																									
																																									
																																									
																																									
																																									
																																									
																																									
																																									
																																									
																																									
																																									
																																									
																																									
																																									
																																									
																																									
																																									
																																									
																																									
																																									
																																									
